pt1 662.5519971990909 -3438.428383274533 -710.0825973036883
pt2 648.5321086439374 -3430.5149268724945 -710.510606307206
pt1 662.5521637939407 -3438.399566987834 -710.0673056743681
pt2 648.556801256977 -3430.5013743917752 -710.5541821640475
pt3 574.0993105571974 -3405.48144260016 -719.0680171552192
pt4 571.3117914426589 -3405.8744042281087 -719.0923192972039
pt1 662.5588592971831 -3438.4265016079516 -710.0816324495806
pt2 648.5211731457905 -3430.541848895863 -710.5152301153266
pt3 574.1088487426946 -3405.477571137619 -719.0995004029648
pt4 571.296583673132 -3405.880566904427 -719.1030428734257
pt1ref 662.5769877619681 -3438.4302404984064 -710.237639308702
pt2ref 648.5650853382185 -3430.519872300384 -710.6959851641191
pt1ref 662.5769877619681 -3438.4302404984064 -710.237639308702
pt2ref 648.5650853382185 -3430.519872300384 -710.6959851641191
pt3ref 574.1002037632973 -3405.476287033114 -719.252014093086
pt4ref 571.3157380563784 -3405.874006376729 -719.2745132192922
pt1ref 662.5769877619681 -3438.4302404984064 -710.237639308702
pt2ref 648.5650853382185 -3430.519872300384 -710.6959851641191
pt3ref 574.1002037632973 -3405.476287033114 -719.252014093086
pt4ref 571.3157380563784 -3405.874006376729 -719.2745132192922
