pt1 46.06718381572574 11.151999558262494 438.0749173667282
pt2 46.06725501667817 11.15181837509201 437.6412027757615
pt1 46.06718407503167 11.151999560435206 438.0901934551075
pt2 46.067255138361986 11.151818694297962 437.5976221328601
pt3 46.067480243693446 11.150856436609297 429.0632375758141
pt4 46.06747671081479 11.150820409732308 429.03889571968466
pt1 46.06718383265128 11.151999646950294 438.0758819170296
pt2 46.06725477447511 11.15181823372968 437.6365923602134
pt3 46.06748027836179 11.15085655992385 429.03175311908126
pt4 46.06747665533627 11.150820213189169 429.0281740799546
pt1ref 46.06718379824092 11.15199988144823 437.91987898014486
pt2ref 46.06725497125949 11.151818801523158 437.4558299584314
pt1ref 46.06718379824092 11.15199988144823 437.91987898014486
pt2ref 46.06725497125949 11.151818801523158 437.4558299584314
pt3ref 46.067480289187266 11.150856448373021 428.8792379889637
pt4ref 46.06747671351409 11.150820460950003 428.85670196358114
pt1ref 46.06718379824092 11.15199988144823 437.91987898014486
pt2ref 46.06725497125949 11.151818801523158 437.4558299584314
pt3ref 46.067480289187266 11.150856448373021 428.8792379889637
pt4ref 46.06747671351409 11.150820460950003 428.85670196358114
