pt1 4349538.578 857445.7000 4570747.312
pt2 4349535.402 857430.7851 4570752.491
pt1 4349538.568 857445.6982 4570747.343
pt2 4349535.358 857430.8016 4570752.469
pt3 4349526.268 857353.1228 4570763.684
pt4 4349527.068 857350.4393 4570763.394
pt1 4349538.576 857445.7066 4570747.314
pt2 4349535.420 857430.7775 4570752.469
pt3 4349526.242 857353.1274 4570763.664
pt4 4349527.068 857350.4238 4570763.382
pt1ref 4349538.469 857445.7040 4570747.199
pt2ref 4349535.273 857430.7933 4570752.354
pt1ref 4349538.469 857445.7040 4570747.199
pt2ref 4349535.273 857430.7933 4570752.354
pt3ref 4349526.139 857353.0983 4570763.555
pt4ref 4349526.943 857350.4187 4570763.263
pt1ref 4349538.469 857445.7040 4570747.199
pt2ref 4349535.273 857430.7933 4570752.354
pt3ref 4349526.139 857353.0983 4570763.555
pt4ref 4349526.943 857350.4187 4570763.263